%YAML:1.0
---
PoseState0: !!opencv-matrix
   rows: 4
   cols: 4
   dt: d
   data: [ -7.9705016569444487e-01, -5.0562128389744132e-01,
       3.3023953524125638e-01, 3.1044338378906250e+03,
       -5.7369688340869662e-01, 8.0473994440340069e-01,
       -1.5253035058230230e-01, 1.6697601318359375e+03,
       -1.8863435353510299e-01, -3.1103173335130108e-01,
       -9.3149146078473488e-01, 3.6463009643554688e+02, 0., 0., 0., 1. ]
