%YAML:1.0
---
PoseState0: !!opencv-matrix
   rows: 4
   cols: 4
   dt: d
   data: [ -7.9703082968639338e-01, -5.0564943540699459e-01,
       3.3024309985525369e-01, 3.1044013671875000e+03,
       -5.7373079872708110e-01, 8.0471174873647933e-01,
       -1.5255153895475126e-01, 1.4811514892578125e+03,
       -1.8861290284973886e-01, -3.1105891711710343e-01,
       -9.3148672720577730e-01, 3.6698721313476563e+02, 0., 0., 0., 1. ]
