%YAML:1.0
---
PoseState0: !!opencv-matrix
   rows: 4
   cols: 4
   dt: d
   data: [ -7.9698121394978305e-01, -5.0570993358838512e-01,
       3.3027020404687013e-01, 2.7627683105468750e+03,
       -5.7379817403243205e-01, 8.0466637162260302e-01,
       -1.5253749000413525e-01, 1.4832141113281250e+03,
       -1.8861760280572154e-01, -3.1107795397576143e-01,
       -9.3147941816342728e-01, 3.6583309936523438e+02, 0., 0., 0., 1. ]
