%YAML:1.0
---
PoseState: !!opencv-matrix
   rows: 4
   cols: 4
   dt: d
   data: [ 9.5164657766629346e-01, 2.9861057905934156e-03,
       3.0718052410307312e-01, 3.6481597900390625e+02,
       3.0718454478392881e-01, -9.8540816210579115e-04,
       -9.5164945458747818e-01, 3.6203669433593750e+03,
       -2.5390277512676307e-03, 9.9999505605925953e-01,
       -1.8550458530325006e-03, 1.0687145996093750e+03, 0., 0., 0., 1. ]
