%YAML:1.0
---
PoseState: !!opencv-matrix
   rows: 4
   cols: 4
   dt: d
   data: [ 9.9999369203020361e-01, 2.2807277526677066e-03,
       -2.7228993225323012e-03, 6.8691400146484375e+02,
       -1.9238992686330405e-03, -2.9660559627263527e-01,
       -9.5499812506169823e-01, 3.6687773437500000e+03,
       -2.9857179047238875e-03, 9.5499733954638477e-01,
       -2.9659933740303723e-01, 1.3817955322265625e+03, 0., 0., 0., 1. ]
