%YAML:1.0
---
PoseState: !!opencv-matrix
   rows: 4
   cols: 4
   dt: d
   data: [ 9.5045509828642916e-01, 2.9799115779489353e-03,
       -3.1084759331273881e-01, 1.0069496459960938e+03,
       -3.1084602693375163e-01, -9.8688634315355264e-04,
       -9.5045976958251488e-01, 3.6191257324218750e+03,
       -3.1390573163961044e-03, 9.9999507307902946e-01,
       -1.1697481660231522e-05, 1.0667928466796875e+03, 0., 0., 0., 1. ]
