%YAML:1.0
---
PoseState: !!opencv-matrix
   rows: 4
   cols: 4
   dt: d
   data: [ 9.5045416791615644e-01, -8.9055630960267834e-02,
       -2.9783547351696599e-01, 1.0074163818359375e+03,
       -3.1084881852829116e-01, -2.8196024312023538e-01,
       -9.0767363810961466e-01, 3.6173847656250000e+03,
       -3.1443139748206228e-03, 9.5528399750746729e-01,
       -2.9567312592757122e-01, 1.3807861328125000e+03, 0., 0., 0., 1. ]
