%YAML:1.0
---
PoseState: !!opencv-matrix
   rows: 4
   cols: 4
   dt: d
   data: [ 8.0787787137850919e-01, 2.9871516606618073e-03,
       -5.8934236387848893e-01, 1.2963024902343750e+03,
       -5.8934232410044174e-01, -9.8706764314006410e-04,
       -8.0788281991966993e-01, 3.4709924316406250e+03,
       -2.9949892852593196e-03, 9.9999505129896726e-01,
       9.6302479568832679e-04, 1.0657894287109375e+03, 0., 0., 0., 1. ]
