%YAML:1.0
---
PoseState: !!opencv-matrix
   rows: 4
   cols: 4
   dt: d
   data: [ 5.8622438783588515e-01, -2.3668411324355498e-01,
       -7.7480423181895053e-01, 1.5254287109375000e+03,
       -8.1014472182982189e-01, -1.7427293083173287e-01,
       -5.5972714358926612e-01, 3.2394912109375000e+03,
       -2.5488816611444758e-03, 9.5582926096527832e-01,
       -2.9391142727843611e-01, 1.3788631591796875e+03, 0., 0., 0., 1. ]
