%YAML:1.0
---
PoseState: !!opencv-matrix
   rows: 4
   cols: 4
   dt: d
   data: [ 8.0787771466234248e-01, -1.7140105746382819e-01,
       -5.6387523057165101e-01, 1.2963502197265625e+03,
       -5.8934257003248225e-01, -2.3980477781969697e-01,
       -7.7147197206532070e-01, 3.4694594726562500e+03,
       -2.9888625695642661e-03, 9.5557069128093697e-01,
       -2.9474687558210527e-01, 1.3797756347656250e+03, 0., 0., 0., 1. ]
