%YAML:1.0
---
PoseState0: !!opencv-matrix
   rows: 4
   cols: 4
   dt: d
   data: [ -4.5570720157124478e-01, -4.8370294032754829e-01,
       7.4723651674325275e-01, 4.2002876281738281e+01,
       -8.5121468389092558e-01, 4.8230903411404269e-01,
       -2.0690953951050917e-01, 5.8206463623046875e+02,
       -2.6031617000212753e-01, -7.3034886262009324e-01,
       -6.3152674567666567e-01, 6.6020806884765625e+02, 0., 0., 0., 1. ]
