%YAML:1.0
---
PoseState0: !!opencv-matrix
   rows: 4
   cols: 4
   dt: d
   data: [ -4.5570759127116833e-01, -4.8370140646305748e-01,
       7.4723727198493650e-01, 4.2004909515380859e+01,
       -8.5121325215496380e-01, 4.8231232352143438e-01,
       -2.0690776190159052e-01, 5.8206408691406250e+02,
       -2.6032016943294994e-01, -7.3034770620918321e-01,
       -6.3152643445970247e-01, 6.6020654296875000e+02, 0., 0., 0., 1. ]
