%YAML:1.0
---
PoseState0: !!opencv-matrix
   rows: 4
   cols: 4
   dt: d
   data: [ -6.5234836250155817e-02, 5.2950385929723787e-01,
       8.4579553033150146e-01, -3.7404159545898438e+02,
       2.4616864310582387e-01, 8.2994402723011074e-01,
       -5.0059355850480380e-01, 1.0345620117187500e+03,
       -9.6702916982418519e-01, 1.7555219922973275e-01,
       -1.8448850927564928e-01, -9.5613349914550781e+01, 0., 0., 0., 1. ]
