%YAML:1.0
---
PoseState0: !!opencv-matrix
   rows: 4
   cols: 4
   dt: d
   data: [ 3.7092922952418846e-02, 9.5538117361527253e-01,
       -2.9303741769328800e-01, 1.3449222412109375e+03,
       5.5875874873936893e-01, -2.6294460068918113e-01,
       -7.8654230507686107e-01, 1.4420075683593750e+03,
       -8.2850031730474361e-01, -1.3456206772308346e-01,
       -5.4358097295253782e-01, 3.9028323364257813e+02, 0., 0., 0., 1. ]
