%YAML:1.0
---
PoseState0: !!opencv-matrix
   rows: 4
   cols: 4
   dt: d
   data: [ -6.5239648233269387e-02, 5.2949922110089498e-01,
       8.4579806286840431e-01, -3.7403689575195313e+02,
       2.4617323192885354e-01, 8.2994645635053543e-01,
       -5.0058727458145791e-01, 1.0345603027343750e+03,
       -9.6702767704968118e-01, 1.7555470499173334e-01,
       -1.8449394942697533e-01, -9.5609733581542969e+01, 0., 0., 0., 1. ]
