%YAML:1.0
---
PoseState0: !!opencv-matrix
   rows: 4
   cols: 4
   dt: d
   data: [ -8.1858248627199448e-01, 5.4317515726547316e-01,
       -1.8677114792812322e-01, 9.4321118164062500e+02,
       4.8381887745405677e-01, 4.7678099243014910e-01,
       -7.3389316598290999e-01, 9.3462133789062500e+02,
       -3.0958360258233419e-01, -6.9111549959970597e-01,
       -6.5308296503981245e-01, 7.1434539794921875e+02, 0., 0., 0., 1. ]
