%YAML:1.0
---
PoseState0: !!opencv-matrix
   rows: 4
   cols: 4
   dt: d
   data: [ -8.1858431536906551e-01, 5.4317401091016515e-01,
       -1.8676646514704395e-01, 9.4321435546875000e+02,
       4.8381511497958118e-01, 4.7678413347486726e-01,
       -7.3389360576579121e-01, 9.3461956787109375e+02,
       -3.0958464617783099e-01, -6.9111423363897218e-01,
       -6.5308381002177929e-01, 7.1434350585937500e+02, 0., 0., 0., 1. ]
