%YAML:1.0
---
PoseState0: !!opencv-matrix
   rows: 4
   cols: 4
   dt: d
   data: [ 3.7090083735251751e-02, 9.5538195559045258e-01,
       -2.9303522761039258e-01, 1.3449222412109375e+03,
       5.5875931529642253e-01, -2.6294117201519812e-01,
       -7.8654304880835801e-01, 1.4420079345703125e+03,
       -8.2850006231622286e-01, -1.3456321559563209e-01,
       -5.4358107743976736e-01, 3.9028546142578125e+02, 0., 0., 0., 1. ]
