%YAML:1.0
---
PoseState0: !!opencv-matrix
   rows: 4
   cols: 4
   dt: d
   data: [ -8.4203002042425767e-01, -5.3941033910730263e-01,
       -4.6830298385855812e-03, 5.6674165725708008e+00,
       5.3106149047536011e-01, -8.2741151456759687e-01,
       -1.8265781914564871e-01, 3.4848186492919922e+01,
       9.4652723354445342e-02, -1.5629034399188077e-01,
       9.8316539317476304e-01, 5.9507501220703125e+02, 0., 0., 0., 1. ]
