%YAML:1.0
---
PoseState0: !!opencv-matrix
   rows: 4
   cols: 4
   dt: d
   data: [ 8.3706779771873674e-01, -5.0375936684606970e-01,
       -2.1341040822122745e-01, 8.8768806457519531e+01,
       5.0432313382639427e-01, 8.6170137363867083e-01,
       -5.5936744245196304e-02, 1.8657119750976563e+01,
       2.1207470077741183e-01, -6.0804958548416839e-02,
       9.7535997370514260e-01, 4.8231118774414063e+02, 0., 0., 0., 1. ]
