%YAML:1.0
---
PoseState0: !!opencv-matrix
   rows: 4
   cols: 4
   dt: d
   data: [ -8.9804230815731456e-01, -4.3435450072399351e-01,
       -6.9686300377428886e-02, 3.1488565444946289e+01,
       4.3896224390256022e-01, -8.7440664432298298e-01,
       -2.0670067438653794e-01, -3.4191577911376953e+01,
       2.8847204154166424e-02, -2.1621560550670404e-01,
       9.7591938742288398e-01, 6.5850646972656250e+02, 0., 0., 0., 1. ]
