%YAML:1.0
---
PoseState0: !!opencv-matrix
   rows: 4
   cols: 4
   dt: d
   data: [ -9.9303142236236341e-01, 7.8533705141668839e-02,
       -8.7869513243802586e-02, -4.1106189727783203e+01,
       -3.1298191609761862e-02, -8.9457435692268827e-01,
       -4.4582187377731664e-01, -6.0906074523925781e+01,
       -1.1361785688411839e-01, -4.3996497257518175e-01,
       8.9079840901518215e-01, 7.0625000000000000e+02, 0., 0., 0., 1. ]
