%YAML:1.0
---
PoseState0: !!opencv-matrix
   rows: 4
   cols: 4
   dt: d
   data: [ 9.4933954460523340e-01, -3.0877524177043053e-01,
       -5.8414716624666657e-02, -9.5244926452636719e+01,
       2.9826297601719953e-01, 9.4387125662068205e-01,
       -1.4193747941490928e-01, 2.8169210433959961e+01,
       9.8962751508289315e-02, 1.1732391484649021e-01,
       9.8815053145712661e-01, 5.6857855224609375e+02, 0., 0., 0., 1. ]
