%YAML:1.0
---
PoseState0: !!opencv-matrix
   rows: 4
   cols: 4
   dt: d
   data: [ -8.4248266286775242e-01, 8.6382935790149828e-02,
       -5.3175271618632658e-01, -5.6137741088867188e+01,
       -8.4191260406080187e-02, -9.9604428975063009e-01,
       -2.8418383599327319e-02, 9.6818328857421875e+01,
       -5.3210411992249851e-01, 2.0826935910924931e-02,
       8.4642273380508015e-01, 6.1530889892578125e+02, 0., 0., 0., 1. ]
