%YAML:1.0
---
PoseState0: !!opencv-matrix
   rows: 4
   cols: 4
   dt: d
   data: [ 8.9996823002566728e-01, 4.3038135752028539e-01,
       -6.9491524975810820e-02, 3.1488565444946289e+01,
       -4.3504871056649019e-01, 8.7633765873270697e-01,
       -2.0679682618771397e-01, -3.4191577911376953e+01,
       -2.8103458486487366e-02, 2.1634277197510807e-01,
       9.7591290627556726e-01, 6.5850646972656250e+02, 0., 0., 0., 1. ]
