%YAML:1.0
---
PoseState: !!opencv-matrix
   rows: 4
   cols: 4
   dt: f
   data: [ 9.87785220e-01, -1.06637646e-02, 1.55456126e-01,
       -6.23893585e+01, 9.28014517e-03, 9.99910653e-01, 9.62343439e-03,
       -1.46730942e+02, -1.55544847e-01, -8.06323066e-03, 9.87795949e-01,
       1.91188705e+02, 0., 0., 0., 1. ]
