%YAML:1.0
---
PoseState: !!opencv-matrix
   rows: 4
   cols: 4
   dt: f
   data: [ 9.91559267e-01, -2.99875205e-03, 1.29619420e-01,
       -4.66848869e+01, 1.31689990e-03, 9.99913871e-01, 1.30590722e-02,
       -1.54470154e+02, -1.29647419e-01, -1.27781481e-02, 9.91477847e-01,
       2.08514221e+02, 0., 0., 0., 1. ]
