%YAML:1.0
---
PoseState: !!opencv-matrix
   rows: 4
   cols: 4
   dt: f
   data: [ 9.90319073e-01, -1.00817345e-03, 1.38806105e-01,
       -6.60565491e+01, 9.59802244e-04, 9.99999464e-01, 4.15417308e-04,
       -1.40570404e+02, -1.38806447e-01, -2.78169260e-04, 9.90319490e-01,
       -1.62063889e+02, 0., 0., 0., 1. ]
