%YAML:1.0
---
PoseState: !!opencv-matrix
   rows: 4
   cols: 4
   dt: f
   data: [ 9.96261239e-01, 2.35228837e-02, 8.31279531e-02,
       -5.08639603e+01, -2.37376392e-02, 9.99716938e-01, 1.59589027e-03,
       -1.28718918e+02, -8.30668807e-02, -3.56318499e-03, 9.96537626e-01,
       -1.49885483e+02, 0., 0., 0., 1. ]
