%YAML:1.0
---
PoseState: !!opencv-matrix
   rows: 4
   cols: 4
   dt: f
   data: [ 9.91909623e-01, -2.68347166e-03, 1.26917571e-01,
       -4.53646736e+01, 1.13708456e-03, 9.99924242e-01, 1.22550670e-02,
       -1.53774612e+02, -1.26940846e-01, -1.20116025e-02, 9.91837561e-01,
       2.08387955e+02, 0., 0., 0., 1. ]
