%YAML:1.0
---
PoseState: !!opencv-matrix
   rows: 4
   cols: 4
   dt: f
   data: [ 9.90622699e-01, 6.70748763e-04, 1.36624217e-01,
       -6.44140472e+01, -5.70290082e-04, 9.99999523e-01, -7.74431799e-04,
       -1.39497543e+02, -1.36624664e-01, 6.89254317e-04, 9.90622640e-01,
       -1.61923721e+02, 0., 0., 0., 1. ]
