%YAML:1.0
---
PoseState: !!opencv-matrix
   rows: 4
   cols: 4
   dt: d
   data: [ -9.9999506976097552e-01, 1.4767844699272322e-03,
       2.7712021526906279e-03, -1.7635072021484375e+03,
       3.2123058636090751e-04, 9.2599035102498473e-01,
       -3.7754703894950076e-01, 4.0347329101562500e+03,
       -3.1236620579188227e-03, -3.7754428735746332e-01,
       -9.2598626005956097e-01, 1.6124431152343750e+03, 0., 0., 0., 1. ]
