%YAML:1.0
---
PoseState: !!opencv-matrix
   rows: 4
   cols: 4
   dt: d
   data: [ -1.8410609057830513e-04, -9.2566724562835423e-01,
       3.7833862672976393e-01, -5.8480737304687500e+02,
       -9.9999826711914852e-01, 8.7130398488241838e-04,
       1.6451711357807401e-03, -1.5608366699218750e+03,
       -1.8525289869500139e-03, -3.7833766822797615e-01,
       -9.2566580196967985e-01, 1.6019981689453125e+03, 0., 0., 0., 1. ]
