%YAML:1.0
---
PoseState: !!opencv-matrix
   rows: 4
   cols: 4
   dt: d
   data: [ 5.5865209000557448e-01, 8.2904436350702004e-01,
       2.4357456140648107e-02, -2.8619488525390625e+02,
       8.2937618045091377e-01, -5.5862585184016800e-01,
       -8.5034673222250615e-03, -1.5348472900390625e+03,
       6.5569530314722579e-03, 2.4951973731286516e-02,
       -9.9966714729146555e-01, 4.1392034912109375e+02, 0., 0., 0., 1. ]
