%YAML:1.0
---
PoseState: !!opencv-matrix
   rows: 4
   cols: 4
   dt: d
   data: [ 8.4491519450946317e-01, 1.0219080338945896e-01,
       5.2504795380008207e-01, 7.3058789062500000e+02,
       -3.3252006888075097e-01, -6.6852330977559982e-01,
       6.6521198732300246e-01, -6.6705645751953125e+02,
       4.1898534327417319e-01, -7.3663669742234172e-01,
       -5.3086500933111880e-01, -3.5210929870605469e+01, 0., 0., 0., 1. ]
