%YAML:1.0
---
PoseState: !!opencv-matrix
   rows: 4
   cols: 4
   dt: d
   data: [ -9.2813021798992679e-01, -3.6040111245429673e-01,
       -9.3195153284258675e-02, 1.1495729980468750e+03,
       -1.8700267072614504e-01, 6.6786944865989761e-01,
       -7.2040294328105958e-01, 5.6559661865234375e+02,
       3.2187621781557596e-01, -6.5119999822514574e-01,
       -6.8726578753515022e-01, 1.4158331298828125e+02, 0., 0., 0., 1. ]
