%YAML:1.0
---
PoseState: !!opencv-matrix
   rows: 4
   cols: 4
   dt: d
   data: [ 8.9064144209688811e-01, 1.5267812646366126e-02,
       -4.5444990429812082e-01, 1.4144550781250000e+03,
       -4.5397838495788828e-01, -2.6671597815330551e-02,
       -8.9061341325010657e-01, 3.3398400878906250e+03,
       -2.5718623808498212e-02, 9.9952764832543428e-01,
       -1.6823573414237295e-02, 1.3844887695312500e+03, 0., 0., 0., 1. ]
