%YAML:1.0
---
PoseState0: !!opencv-matrix
   rows: 4
   cols: 4
   dt: d
   data: [ 9.1325695854731126e-01, 1.3607345185628525e-01,
       -3.8398664477404654e-01, -4.5110355377197266e+01,
       -3.2347377808362471e-01, 8.1518327433228666e-01,
       -4.8045909726135672e-01, 1.4581390380859375e+02,
       2.4764176254666831e-01, 5.6299222459000908e-01,
       7.8848799134417535e-01, 1.1248101806640625e+03, 0., 0., 0., 1. ]
