%YAML:1.0
---
PoseState: !!opencv-matrix
   rows: 4
   cols: 4
   dt: f
   data: [ 9.87495720e-01, -1.71948050e-03, 1.57636389e-01,
       -6.40425110e+01, 4.16245806e-04, 9.99965489e-01, 8.29998776e-03,
       -1.45430588e+02, -1.57645226e-01, -8.13058671e-03, 9.87462342e-01,
       -1.59895203e+02, 0., 0., 0., 1. ]
