%YAML:1.0
---
PoseState0: !!opencv-matrix
   rows: 4
   cols: 4
   dt: d
   data: [ 6.7224057716633379e-01, 4.7074582316931013e-02,
       -7.3883461621039470e-01, -2.5923349380493164e+01,
       -3.3089251403137690e-02, 9.9888956559526010e-01,
       3.3537101641207219e-02, -3.3729095458984375e+01,
       7.3959293388502201e-01, 1.9024837973553553e-03,
       6.7305176079016871e-01, 7.0608593750000000e+02, 0., 0., 0., 1. ]
