%YAML:1.0
---
PoseState0: !!opencv-matrix
   rows: 4
   cols: 4
   dt: d
   data: [ -9.6077048445950208e-01, 2.4394430089038607e-01,
       -1.3195171182881479e-01, 7.8354492187500000e+02,
       2.7138000761520004e-01, 7.2875136889591263e-01,
       -6.2870846486993304e-01, 1.0704267578125000e+03,
       -5.7209856303155907e-02, -6.3985359293781785e-01,
       -7.6636441197796890e-01, 6.0986798095703125e+02, 0., 0., 0., 1. ]
