%YAML:1.0
---
PoseState0: !!opencv-matrix
   rows: 4
   cols: 4
   dt: d
   data: [ -1.0515673867100460e-01, -5.0333826689106476e-01,
       8.5766698047387702e-01, -3.1134458007812500e+03,
       -9.8532823458955499e-01, 1.6931782981622728e-01,
       -2.1441609709959189e-02, 4.8103134155273438e+02,
       -1.3442592916810792e-01, -8.4733822148503524e-01,
       -5.1375831669946570e-01, 7.5743395996093750e+02, 0., 0., 0., 1. ]
