%YAML:1.0
---
PoseState0: !!opencv-matrix
   rows: 4
   cols: 4
   dt: d
   data: [ -9.6076674017125852e-01, 2.4395971146269255e-01,
       -1.3195048375710233e-01, 7.8354968261718750e+02,
       2.7139095736523672e-01, 7.2874773557918382e-01,
       -6.2870794980546607e-01, 1.0704464111328125e+03,
       -5.7220793782276264e-02, -6.3985185556599888e-01,
       -7.6636504597200572e-01, 6.0984460449218750e+02, 0., 0., 0., 1. ]
