%YAML:1.0
---
PoseState0: !!opencv-matrix
   rows: 4
   cols: 4
   dt: d
   data: [ -9.7735966998844126e-01, -7.2107831108377554e-02,
       -1.9891841587176112e-01, -2.8355056152343750e+03,
       1.9820438926560513e-01, 1.6998394296551922e-02,
       -9.8001330331133141e-01, 4.4277206420898438e+02,
       7.4047927424970350e-02, -9.9725198184018904e-01,
       -2.3214564139080116e-03, 8.1057202148437500e+02, 0., 0., 0., 1. ]
