%YAML:1.0
---
PoseState0: !!opencv-matrix
   rows: 4
   cols: 4
   dt: d
   data: [ 9.9997781308787170e-01, 5.9727106614993301e-03,
       -2.9495863017611449e-03, 3.1033299999999999e+03,
       -5.9366076898232818e-03, 9.9990916046353628e-01,
       1.2100723542134781e-02, 1.4811099999999999e+03,
       3.0215924832206974e-03, -1.2082944527724029e-02,
       9.9992243320689889e-01, 3.6682999999999998e+02, 0., 0., 0., 1. ]
