%YAML:1.0
---
PoseState: !!opencv-matrix
   rows: 4
   cols: 4
   dt: d
   data: [ -5.1427469706468387e-01, -6.4662044430496457e-01,
       5.6338577987545813e-01, 7.0355950927734375e+02,
       -7.5915573150488691e-01, 3.7601793557871604e-02,
       -6.4982203751835899e-01, 5.1262835693359375e+02,
       3.9900389883096105e-01, -7.6188457533151421e-01,
       -5.1022326739341350e-01, -4.6655364990234375e+01, 0., 0., 0., 1. ]
