%YAML:1.0
---
PoseState0: !!opencv-matrix
   rows: 4
   cols: 4
   dt: d
   data: [ 9.5068020694001087e-01, 5.6008796968187655e-02,
       3.0507402182859594e-01, 9.0223442077636719e+01,
       1.5129400569528630e-02, 9.7401738429446039e-01,
       -2.2596733465389318e-01, 2.2675590515136719e+00,
       -3.0980355932575249e-01, 2.1943825955004775e-01,
       9.2513166893947663e-01, 8.3047924804687500e+02, 0., 0., 0., 1. ]
