%YAML:1.0
---
PoseState0: !!opencv-matrix
   rows: 4
   cols: 4
   dt: f
   data: [ 9.87638652e-01, -2.71981466e-03, 1.56724423e-01,
       -6.31647911e+01, 1.40738627e-03, 9.99963045e-01, 8.48447811e-03,
       -1.45904282e+02, -1.56741709e-01, -8.15902650e-03, 9.87605929e-01,
       -1.61192673e+02, 0., 0., 0., 1. ]
