%YAML:1.0
---
PoseState0: !!opencv-matrix
   rows: 4
   cols: 4
   dt: f
   data: [ 9.87316132e-01, -5.38677094e-04, 1.58765599e-01,
       -6.48017807e+01, -6.68249209e-04, 9.99971271e-01, 7.54845468e-03,
       -1.45122864e+02, -1.58765107e-01, -7.55880633e-03, 9.87287462e-01,
       -1.59550995e+02, 0., 0., 0., 1. ]
