%YAML:1.0
---
PoseState0: !!opencv-matrix
   rows: 4
   cols: 4
   dt: d
   data: [ 9.9185926532445401e-01, -6.8025601918645651e-02,
       -1.0764625062509271e-01, -9.8718461990356445e+00,
       1.1979381651697147e-02, 8.9144985148655886e-01,
       -4.5296098805508089e-01, -1.8819181442260742e+01,
       1.2677417799093513e-01, 4.4798401731333909e-01,
       8.8500769941652180e-01, 6.3985662841796875e+02, 0., 0., 0., 1. ]
