%YAML:1.0
---
PoseState0: !!opencv-matrix
   rows: 4
   cols: 4
   dt: d
   data: [ 9.2484221054086180e-01, 1.2909979493332649e-01,
       -3.5777105605409887e-01, -5.1019054412841797e+01,
       -2.9584414781517149e-01, 8.3534477699147491e-01,
       -4.6333070668430559e-01, 1.5459309387207031e+02,
       2.3904628381425860e-01, 5.3435226817263171e-01,
       8.1075552893172220e-01, 1.1195747070312500e+03, 0., 0., 0., 1. ]
