%YAML:1.0
---
PoseState0: !!opencv-matrix
   rows: 4
   cols: 4
   dt: d
   data: [ -3.9770688460064579e-01, 2.1956021209899845e-01,
       -8.9085495295490835e-01, 1.0953499755859375e+03,
       9.0046369639302359e-01, 2.7970753762499684e-01,
       -3.3305979174012257e-01, 9.4928771972656250e+02,
       1.7605216675594018e-01, -9.3464271604651383e-01,
       -3.0894761355565581e-01, 1.1342579345703125e+03, 0., 0., 0., 1. ]
