%YAML:1.0
---
PoseState0: !!opencv-matrix
   rows: 4
   cols: 4
   dt: d
   data: [ 9.8597307862399786e-01, 2.7742793595710635e-02,
       -1.6458257997802123e-01, -1.2764270019531250e+02,
       -1.0655693164650581e-01, 8.6360321893754111e-01,
       -4.9278301569636068e-01, 7.6946052551269531e+01,
       1.2846286835812842e-01, 5.0340820180468204e-01,
       8.5444571144630321e-01, 1.3954291992187500e+03, 0., 0., 0., 1. ]
