%YAML:1.0
---
PoseState0: !!opencv-matrix
   rows: 4
   cols: 4
   dt: d
   data: [ -9.9831845867458302e-01, -5.2094442236193896e-02,
       2.5424872815902659e-02, 5.9985815429687500e+02,
       -5.5374331608349266e-02, 7.2730908840598785e-01,
       -6.8407249127631164e-01, 9.3770336914062500e+02,
       1.7144633811590732e-02, -6.8433008045105748e-01,
       -7.2897078303682084e-01, 1.0990380096435547e+02, 0., 0., 0., 1. ]
