%YAML:1.0
---
PoseState: !!opencv-matrix
   rows: 4
   cols: 4
   dt: f
   data: [ 9.87521291e-01, -1.54552818e-03, 1.57478034e-01,
       -6.39058990e+01, 1.21925674e-04, 9.99959052e-01, 9.04926658e-03,
       -1.46105209e+02, -1.57485574e-01, -8.91714264e-03, 9.87480998e-01,
       -1.60250580e+02, 0., 0., 0., 1. ]
