%YAML:1.0
---
PoseState: !!opencv-matrix
   rows: 4
   cols: 4
   dt: d
   data: [ 9.9988546503112363e-01, 1.4910851476363294e-02,
       -2.5929380523912111e-03, -6.8062400000000002e+02,
       -1.4914609588937155e-02, 9.9988773969176048e-01,
       -1.4361180006618060e-03, 1.5674900000000000e+03,
       2.5712332261558037e-03, 1.4746261736710113e-03,
       9.9999560710902358e-01, 8.2300900000000001e+02, 0., 0., 0., 1. ]
