%YAML:1.0
---
PoseState0: !!opencv-matrix
   rows: 4
   cols: 4
   dt: d
   data: [ 9.7737993066526041e-01, 2.3040911180903373e-02,
       -2.1023222289821455e-01, 7.4774536132812500e+02,
       1.4211332949057998e-01, -8.0773086964326413e-01,
       5.7216662241556726e-01, -6.8528210449218750e+02,
       -1.5662781590085678e-01, -5.8910097490777436e-01,
       -7.9273436197053893e-01, 4.3075366210937500e+02, 0., 0., 0., 1. ]
