%YAML:1.0
---
PoseState0: !!opencv-matrix
   rows: 4
   cols: 4
   dt: d
   data: [ -1.8768103156495193e-02, -6.8124657748812512e-01,
       7.3181340447181153e-01, -2.7629924316406250e+03,
       -9.3544641406917750e-01, 2.7036369536027594e-01,
       2.2769163058016176e-01, 7.0071258544921875e+00,
       -3.5296992040260888e-01, -6.8029888497031354e-01,
       -6.4234388173245971e-01, 6.2564764404296875e+02, 0., 0., 0., 1. ]
