%YAML:1.0
---
PoseState0: !!opencv-matrix
   rows: 4
   cols: 4
   dt: d
   data: [ 9.7738148367859023e-01, 2.3034406339163496e-02,
       -2.1022571556981329e-01, 7.4774517822265625e+02,
       1.4210753962394690e-01, -8.0771904463897115e-01,
       5.7218475347525322e-01, -6.8526196289062500e+02,
       -1.5662337802597054e-01, -5.8911744249522124e-01,
       -7.9272300105624782e-01, 4.3078466796875000e+02, 0., 0., 0., 1. ]
