%YAML:1.0
---
PoseState: !!opencv-matrix
   rows: 4
   cols: 4
   dt: f
   data: [ 9.97567534e-01, -3.33359325e-03, 6.96268901e-02,
       -5.12992020e+01, 3.04686255e-03, 9.99986410e-01, 4.22389945e-03,
       -1.30823227e+02, -6.96400255e-02, -4.00148146e-03, 9.97564137e-01,
       -1.51008865e+02, 0., 0., 0., 1. ]
