%YAML:1.0
---
PoseState0: !!opencv-matrix
   rows: 4
   cols: 4
   dt: d
   data: [ 7.1876187413439596e-01, -5.1387769710512621e-01,
       4.6830660972139065e-01, 2.7393653869628906e+01,
       4.8889417327550921e-01, 8.5248354572677854e-01,
       1.8507914956135918e-01, 2.0468446731567383e+01,
       -4.9433172630134420e-01, 9.5924536397273108e-02,
       8.6396448288624761e-01, 6.1023760986328125e+02, 0., 0., 0., 1. ]
