%YAML:1.0
---
PoseState0: !!opencv-matrix
   rows: 4
   cols: 4
   dt: d
   data: [ 9.7738172041980953e-01, 2.3031267080056220e-02,
       -2.1022495885574677e-01, 7.4774816894531250e+02,
       1.4210417444851178e-01, -8.0772073424091073e-01,
       5.7218320412402091e-01, -6.8526281738281250e+02,
       -1.5662495392982642e-01, -5.8911524866872278e-01,
       -7.9272432004604765e-01, 4.3078054809570313e+02, 0., 0., 0., 1. ]
