%YAML:1.0
---
PoseState: !!opencv-matrix
   rows: 4
   cols: 4
   dt: f
   data: [ 9.95779395e-01, 2.36046072e-02, 8.86920393e-02,
       -4.12089844e+01, -2.38827616e-02, 9.99712586e-01, 2.07616272e-03,
       -1.29250153e+02, -8.86175409e-02, -4.18561092e-03, 9.96056914e-01,
       -1.49722092e+02, 0., 0., 0., 1. ]
