%YAML:1.0
---
PoseState0: !!opencv-matrix
   rows: 4
   cols: 4
   dt: d
   data: [ 9.9997680568889102e-01, 5.9572885207231693e-03,
       -3.3013327191836221e-03, 3.1076500000000001e+03,
       -5.9369811981704350e-03, 9.9996360365999637e-01,
       6.1272840285523621e-03, 1.4789100000000001e+03,
       3.3377145615620142e-03, -6.1075419601376527e-03,
       9.9997577850301511e-01, 3.6799400000000003e+02, 0., 0., 0., 1. ]
