%YAML:1.0
---
PoseState0: !!opencv-matrix
   rows: 4
   cols: 4
   dt: f
   data: [ 9.98188674e-01, -1.26691675e-02, 5.88119924e-02,
       -4.65854836e+01, 1.16691096e-02, 9.99781966e-01, 1.73167530e-02,
       -1.41286072e+02, -5.90185560e-02, -1.65991038e-02, 9.98118877e-01,
       -1.50111176e+02, 0., 0., 0., 1. ]
