%YAML:1.0
---
PoseState: !!opencv-matrix
   rows: 4
   cols: 4
   dt: d
   data: [ 7.2923092589294380e-01, -4.5477535338612607e-01,
       5.1127451987542283e-01, 7.9976123046875000e+02,
       -6.8405597069718960e-01, -5.0309383304548350e-01,
       5.2817044985982398e-01, -1.3371499633789063e+02,
       1.7020154959505041e-02, -7.3489861416669400e-01,
       -6.7796337749249191e-01, 4.4909080505371094e+01, 0., 0., 0., 1. ]
