%YAML:1.0
---
PoseState0: !!opencv-matrix
   rows: 4
   cols: 4
   dt: d
   data: [ 9.6019977272405899e-01, 2.5923050442159656e-01,
       -1.0399972133611733e-01, 1.2253045654296875e+02,
       -2.5760580692523322e-01, 6.7797935751362437e-01,
       -6.8846440650465901e-01, -5.5030742645263672e+01,
       -1.0796131112146107e-01, 6.8785429878916771e-01,
       7.1777490826734636e-01, 9.9057702636718750e+02, 0., 0., 0., 1. ]
