%YAML:1.0
---
PoseState0: !!opencv-matrix
   rows: 4
   cols: 4
   dt: d
   data: [ 9.8970952829547576e-01, 6.4591049275726314e-02,
       1.2768338166968893e-01, 1.6714172363281250e+02,
       2.1277795298046822e-02, 8.1596925512991803e-01,
       -5.7770358325873417e-01, -1.6053836345672607e+00,
       -1.4150019444651366e-01, 5.7447556173973791e-01,
       8.0619819147366689e-01, 9.7779003906250000e+02, 0., 0., 0., 1. ]
