%YAML:1.0
---
PoseState0: !!opencv-matrix
   rows: 4
   cols: 4
   dt: d
   data: [ 9.8624581814168566e-01, 3.1397724753519901e-02,
       1.6227559606527153e-01, 1.4633251953125000e+02,
       6.3721150622191372e-02, 8.3367068029324154e-01,
       -5.4857343335490416e-01, 1.2431895256042480e+01,
       -1.5250836423429689e-01, 5.5136864228908200e-01,
       8.2020352299833055e-01, 9.7497967529296875e+02, 0., 0., 0., 1. ]
