%YAML:1.0
---
PoseState0: !!opencv-matrix
   rows: 4
   cols: 4
   dt: d
   data: [ 9.8701452430071857e-01, 4.7825569157857510e-02,
       1.5334615663313203e-01, 1.4400971984863281e+02,
       4.2598177564255525e-02, 8.4253561654803466e-01,
       -5.3695356420851414e-01, 1.5662144660949707e+01,
       -1.5487970844377982e-01, 5.3651323355789626e-01,
       8.2955760868647310e-01, 9.7422778320312500e+02, 0., 0., 0., 1. ]
