%YAML:1.0
---
PoseState0: !!opencv-matrix
   rows: 4
   cols: 4
   dt: f
   data: [ 9.97190297e-01, -4.11386136e-03, 7.47966096e-02,
       -4.86626205e+01, 3.85171780e-03, 9.99985933e-01, 3.64866224e-03,
       -1.30637924e+02, -7.48105720e-02, -3.35031515e-03, 9.97192144e-01,
       -1.51773880e+02, 0., 0., 0., 1. ]
