%YAML:1.0
---
PoseState: !!opencv-matrix
   rows: 4
   cols: 4
   dt: d
   data: [ 9.9989206227108252e-01, 1.4332611497936831e-02,
       -3.2311073846254513e-03, -6.8103899999999999e+02,
       -1.4359631734631064e-02, 9.9986076178224603e-01,
       -8.5004720264413962e-03, 1.5647100000000000e+03,
       3.1088235278877805e-03, 8.5459520169344043e-03,
       9.9995865010529150e-01, 8.1728399999999999e+02, 0., 0., 0., 1. ]
