%YAML:1.0
---
Per pose residuals for rotation in deg and translation in mm:
   - [ 3.2186168432235718e-01, 3.4288880825042725e+00 ]
   - [ 2.8909677267074585e-01, 4.8522949218750000e+00 ]
   - [ 2.8516876697540283e-01, 3.3722999095916748e+00 ]
   - [ 2.7512264251708984e-01, 4.3139929771423340e+00 ]
   - [ 2.7720165252685547e-01, 3.8840503692626953e+00 ]
   - [ 3.7798446416854858e-01, 2.5750899314880371e+00 ]
   - [ 1.8304230272769928e-01, 1.5693384408950806e+00 ]
   - [ 1.8465474247932434e-01, 1.1307820081710815e+00 ]
   - [ 2.4430926144123077e-01, 1.1702611446380615e+00 ]
   - [ 2.3758006095886230e-01, 7.8130984306335449e-01 ]
   - [ 2.4497704207897186e-01, 1.9104554653167725e+00 ]
   - [ 1.7656040191650391e-01, 2.3562767505645752e+00 ]
   - [ 3.6395606398582458e-01, 1.4238709211349487e+00 ]
   - [ 3.3916848897933960e-01, 2.3947780132293701e+00 ]
   - [ 3.4731128811836243e-01, 3.0807280540466309e+00 ]
   - [ 3.2253775000572205e-01, 3.3536489009857178e+00 ]
   - [ 5.1212853193283081e-01, 3.2174525260925293e+00 ]
   - [ 2.8758621215820313e-01, 1.3739501237869263e+00 ]
   - [ 2.0509736239910126e-01, 1.8247860670089722e+00 ]
   - [ 3.9887240529060364e-01, 4.0649471282958984e+00 ]
   - [ 2.8202563524246216e-01, 1.6163491010665894e+00 ]
   - [ 2.2238340973854065e-01, 2.1772637367248535e+00 ]
   - [ 2.8170645236968994e-01, 1.6503330469131470e+00 ]
   - [ 3.4534004330635071e-01, 1.7841055989265442e-01 ]
   - [ 4.1343948245048523e-01, 2.7663278579711914e+00 ]
