%YAML:1.0
---
Per pose residuals for rotation in deg and translation in mm:
   - [ 2.5106707215309143e-01, 2.6902880668640137e+00 ]
   - [ 1.6955696046352386e-01, 9.0563803911209106e-01 ]
   - [ 3.0328491330146790e-01, 1.5769656896591187e+00 ]
   - [ 4.4230630993843079e-01, 1.6445642709732056e+00 ]
   - [ 3.9524769783020020e-01, 8.0915647745132446e-01 ]
   - [ 4.2441943287849426e-01, 1.2881492376327515e+00 ]
   - [ 1.5173141658306122e-01, 1.7202507257461548e+00 ]
   - [ 1.9370090961456299e-01, 1.9115761518478394e+00 ]
   - [ 3.2136222720146179e-01, 1.6613312959671021e+00 ]
   - [ 2.4862889945507050e-01, 9.7550094127655029e-01 ]
   - [ 3.3952105045318604e-01, 1.1189041137695313e+00 ]
   - [ 4.3701669573783875e-01, 9.3743711709976196e-01 ]
   - [ 2.1057072281837463e-01, 6.6557222604751587e-01 ]
   - [ 2.0276671648025513e-01, 2.1349112987518311e+00 ]
   - [ 1.4974713325500488e-01, 3.1084783077239990e+00 ]
   - [ 5.7451277971267700e-02, 3.8894975185394287e+00 ]
   - [ 1.5638110041618347e-01, 2.3249650001525879e+00 ]
   - [ 4.1216546297073364e-01, 3.0251619815826416e+00 ]
   - [ 2.7822831273078918e-01, 2.6473190784454346e+00 ]
   - [ 3.0442392826080322e-01, 1.8013772964477539e+00 ]
   - [ 3.7841859459877014e-01, 1.1516764163970947e+00 ]
   - [ 5.0638985633850098e-01, 1.0595177412033081e+00 ]
   - [ 4.6689352393150330e-01, 2.2153968811035156e+00 ]
   - [ 4.2006865143775940e-01, 1.6670268774032593e+00 ]
   - [ 4.2948111891746521e-01, 3.5160193443298340e+00 ]
   - [ 4.3256098031997681e-01, 2.6081416606903076e+00 ]
   - [ 2.1095696091651917e-01, 1.7154442071914673e+00 ]
   - [ 2.2594235837459564e-01, 2.5204281806945801e+00 ]
   - [ 1.7996683716773987e-01, 7.4377059936523438e-01 ]
   - [ 2.8421238064765930e-01, 1.1783701181411743e+00 ]
