%YAML:1.0
---
Per pose residuals for rotation in deg and translation in mm:
   - [ 1.8840751051902771e-01, 2.7559857368469238e+00 ]
   - [ 7.5563237071037292e-02, 6.7647570371627808e-01 ]
   - [ 2.0879185199737549e-01, 8.3448803424835205e-01 ]
   - [ 2.5607421994209290e-01, 1.0467087030410767e+00 ]
   - [ 1.3696087896823883e-01, 1.2312489748001099e+00 ]
   - [ 2.1587839722633362e-01, 1.7330477237701416e+00 ]
   - [ 2.5998437404632568e-01, 1.6062456369400024e+00 ]
   - [ 1.3331522047519684e-01, 2.2343182563781738e+00 ]
   - [ 1.8021692335605621e-01, 1.2286314964294434e+00 ]
   - [ 1.3724650442600250e-01, 6.4241582155227661e-01 ]
   - [ 2.3514997959136963e-01, 7.5039994716644287e-01 ]
   - [ 1.9675469398498535e-01, 6.8781161308288574e-01 ]
   - [ 9.9108286201953888e-02, 7.1230006217956543e-01 ]
   - [ 1.0375173389911652e-01, 1.6067883968353271e+00 ]
   - [ 1.1618715524673462e-01, 2.3958117961883545e+00 ]
   - [ 2.4103672802448273e-01, 2.7149188518524170e+00 ]
   - [ 2.1213942766189575e-01, 1.3015710115432739e+00 ]
   - [ 1.8333953619003296e-01, 3.0051832199096680e+00 ]
   - [ 1.1388684809207916e-01, 2.5297069549560547e+00 ]
   - [ 1.2446451932191849e-01, 1.6252162456512451e+00 ]
   - [ 1.9533696770668030e-01, 1.1287592649459839e+00 ]
   - [ 2.0338837802410126e-01, 9.2995041608810425e-01 ]
   - [ 3.4861710667610168e-01, 1.2663532495498657e+00 ]
   - [ 1.3141071796417236e-01, 1.5252948999404907e+00 ]
   - [ 1.8585060536861420e-01, 2.8022372722625732e+00 ]
   - [ 2.5970152020454407e-01, 1.7425720691680908e+00 ]
   - [ 2.5543296337127686e-01, 9.7378909587860107e-01 ]
   - [ 2.1887169778347015e-01, 8.0884391069412231e-01 ]
