%YAML:1.0
---
Per pose residuals for rotation in deg and translation in mm:
   - [ 1.0784689188003540e+00, 3.5089294433593750e+01 ]
   - [ 7.0782405138015747e-01, 1.8377641677856445e+01 ]
   - [ 4.0040796995162964e-01, 1.9544149398803711e+01 ]
   - [ 4.0173465013504028e-01, 3.1752616882324219e+01 ]
   - [ 6.8569034337997437e-01, 3.9339050292968750e+01 ]
   - [ 3.5081401467323303e-01, 2.0810678482055664e+01 ]
   - [ 3.2508701086044312e-01, 2.5725767135620117e+01 ]
   - [ 6.3813358545303345e-01, 4.2159641265869141e+01 ]
   - [ 3.5596022009849548e-01, 2.1579122543334961e+01 ]
   - [ 2.5533735752105713e-01, 1.6225776672363281e+01 ]
   - [ 5.9539014101028442e-01, 2.8353305816650391e+01 ]
   - [ 2.2044017910957336e-01, 6.8888912200927734e+00 ]
   - [ 2.1887922286987305e-01, 1.2494293212890625e+01 ]
   - [ 8.1643539667129517e-01, 3.6267665863037109e+01 ]
   - [ 4.8588502407073975e-01, 1.7534881591796875e+01 ]
   - [ 3.0456700921058655e-01, 1.5177174568176270e+01 ]
   - [ 9.3264114856719971e-01, 5.3390392303466797e+01 ]
   - [ 6.0433602333068848e-01, 3.1854951858520508e+01 ]
   - [ 3.6360511183738708e-01, 1.8111202239990234e+01 ]
