%YAML:1.0
---
Per pose residuals for rotation in deg and translation in mm:
   - [ 6.1544203758239746e-01, 3.6758074760437012e+00 ]
   - [ 5.8115142583847046e-01, 4.4332942962646484e+00 ]
   - [ 7.2150307893753052e-01, 3.0437912940979004e+00 ]
   - [ 6.5802162885665894e-01, 4.5521383285522461e+00 ]
   - [ 5.3547626733779907e-01, 3.9093711376190186e+00 ]
   - [ 4.2274409532546997e-01, 1.8964945077896118e+00 ]
   - [ 5.4246258735656738e-01, 1.2290093898773193e+00 ]
   - [ 4.7966527938842773e-01, 2.6186699867248535e+00 ]
   - [ 5.7347613573074341e-01, 1.8564203977584839e+00 ]
   - [ 5.3749644756317139e-01, 1.9054905176162720e+00 ]
   - [ 4.5409810543060303e-01, 1.3961536884307861e+00 ]
   - [ 4.7913858294487000e-01, 1.6929526329040527e+00 ]
   - [ 4.7344899177551270e-01, 1.0134289264678955e+00 ]
   - [ 5.0185507535934448e-01, 1.0747473239898682e+00 ]
   - [ 5.4628545045852661e-01, 1.6954337358474731e+00 ]
   - [ 8.5327523946762085e-01, 1.0260443687438965e+00 ]
   - [ 7.4388325214385986e-01, 1.7788779735565186e+00 ]
   - [ 7.0364874601364136e-01, 2.5226788520812988e+00 ]
   - [ 7.4610316753387451e-01, 2.8975672721862793e+00 ]
   - [ 4.8385253548622131e-01, 3.0994582176208496e+00 ]
   - [ 5.0180417299270630e-01, 1.0118737220764160e+00 ]
   - [ 4.3097418546676636e-01, 1.8790483474731445e+00 ]
   - [ 6.9538360834121704e-01, 1.4109786748886108e+00 ]
   - [ 6.6390573978424072e-01, 3.0944821834564209e+00 ]
   - [ 5.5262225866317749e-01, 1.9375555515289307e+00 ]
   - [ 5.6222671270370483e-01, 1.7965568304061890e+00 ]
   - [ 4.7708266973495483e-01, 1.0766016244888306e+00 ]
   - [ 7.1745514869689941e-01, 6.4225602149963379e-01 ]
   - [ 3.2599714398384094e-01, 2.4718010425567627e+00 ]
   - [ 5.6191176176071167e-01, 3.9420404434204102e+00 ]
