%YAML:1.0
---
Per pose residuals for rotation in deg and translation in mm:
   - [ 8.3044961094856262e-02, 2.4796392917633057e+00 ]
   - [ 1.3200674951076508e-01, 5.0186479091644287e-01 ]
   - [ 2.2430935502052307e-01, 8.4038472175598145e-01 ]
   - [ 2.3519173264503479e-01, 1.0080838203430176e+00 ]
   - [ 1.5346662700176239e-01, 9.4833976030349731e-01 ]
   - [ 2.5209861993789673e-01, 1.3713240623474121e+00 ]
   - [ 2.5047963857650757e-01, 1.3740215301513672e+00 ]
   - [ 1.8160781264305115e-01, 1.9153245687484741e+00 ]
   - [ 2.1795275807380676e-01, 1.0616061687469482e+00 ]
   - [ 1.9779521226882935e-01, 6.9052690267562866e-01 ]
   - [ 2.1828225255012512e-01, 9.6379762887954712e-01 ]
   - [ 2.4015551805496216e-01, 4.2073217034339905e-01 ]
   - [ 1.1609808355569839e-01, 8.0594694614410400e-01 ]
   - [ 1.3846907019615173e-01, 2.5117719173431396e+00 ]
   - [ 1.9170364737510681e-01, 1.6217241287231445e+00 ]
   - [ 1.6035157442092896e-01, 2.7384510040283203e+00 ]
   - [ 1.9307005405426025e-01, 2.2959899902343750e+00 ]
   - [ 3.4648084640502930e-01, 9.5546191930770874e-01 ]
   - [ 3.7456911802291870e-01, 8.8309705257415771e-01 ]
   - [ 1.3761068880558014e-01, 1.2080298662185669e+00 ]
   - [ 1.9761849939823151e-01, 2.4411032199859619e+00 ]
   - [ 2.9593101143836975e-01, 1.4231395721435547e+00 ]
   - [ 2.9606282711029053e-01, 1.0264462232589722e+00 ]
