%YAML:1.0
---
Per pose residuals for rotation in deg and translation in mm:
   - [ 8.9864999055862427e-01, 2.7031843185424805e+01 ]
   - [ 5.6319409608840942e-01, 1.9111274719238281e+01 ]
   - [ 2.8840321302413940e-01, 1.2386102676391602e+01 ]
   - [ 3.6091834306716919e-01, 1.2304845809936523e+01 ]
   - [ 5.6666517257690430e-01, 1.6489854812622070e+01 ]
   - [ 2.7547299861907959e-01, 9.1633815765380859e+00 ]
   - [ 2.9126343131065369e-01, 9.0272579193115234e+00 ]
   - [ 5.3653973340988159e-01, 1.2530517578125000e+01 ]
   - [ 2.9411327838897705e-01, 5.0547780990600586e+00 ]
   - [ 2.4958091974258423e-01, 6.0350713729858398e+00 ]
   - [ 5.0122815370559692e-01, 1.5103649139404297e+01 ]
   - [ 1.7502409219741821e-01, 6.9292492866516113e+00 ]
   - [ 2.7055978775024414e-01, 3.7510023117065430e+00 ]
   - [ 6.7114049196243286e-01, 2.0683643341064453e+01 ]
   - [ 3.7646812200546265e-01, 1.2166641235351563e+01 ]
   - [ 2.3387899994850159e-01, 6.0272517204284668e+00 ]
   - [ 7.6323872804641724e-01, 2.1019741058349609e+01 ]
   - [ 5.2211683988571167e-01, 1.5409235954284668e+01 ]
   - [ 2.9079887270927429e-01, 1.0446253776550293e+01 ]
