%YAML:1.0
---
Per pose residuals for rotation in deg and translation in mm:
   - [ 6.6674694418907166e-02, 2.7540950775146484e+00 ]
   - [ 5.2429251372814178e-02, 7.7961516380310059e-01 ]
   - [ 1.6283728182315826e-01, 8.2264184951782227e-01 ]
   - [ 2.0980575680732727e-01, 9.2998027801513672e-01 ]
   - [ 1.3148935139179230e-01, 1.3325773477554321e+00 ]
   - [ 2.2753433883190155e-01, 1.6793848276138306e+00 ]
   - [ 2.5783041119575500e-01, 1.6538816690444946e+00 ]
   - [ 1.7305040359497070e-01, 2.0021679401397705e+00 ]
   - [ 1.9400180876255035e-01, 1.2610964775085449e+00 ]
   - [ 1.7366679012775421e-01, 8.4094184637069702e-01 ]
   - [ 2.4263092875480652e-01, 8.2395690679550171e-01 ]
   - [ 1.8023899197578430e-01, 6.9205522537231445e-01 ]
   - [ 1.3450238108634949e-01, 6.3983798027038574e-01 ]
   - [ 1.5285086631774902e-01, 1.5007736682891846e+00 ]
   - [ 1.3333541154861450e-01, 2.1281387805938721e+00 ]
   - [ 3.0492135882377625e-01, 2.6717622280120850e+00 ]
   - [ 2.3484058678150177e-01, 1.3448039293289185e+00 ]
   - [ 1.3047616183757782e-01, 2.9699323177337646e+00 ]
   - [ 7.8282684087753296e-02, 2.4789118766784668e+00 ]
   - [ 2.2354215383529663e-01, 1.0118762254714966e+00 ]
   - [ 3.1863602995872498e-01, 1.4112379550933838e+00 ]
   - [ 1.1158724874258041e-01, 1.4372919797897339e+00 ]
   - [ 1.6152477264404297e-01, 2.7136514186859131e+00 ]
   - [ 2.3487719893455505e-01, 1.5528136491775513e+00 ]
   - [ 2.5770148634910583e-01, 8.2557928562164307e-01 ]
   - [ 2.8003698587417603e-01, 1.0595887899398804e+00 ]
   - [ 3.0373838543891907e-01, 1.1208382844924927e+00 ]
   - [ 1.5904021263122559e-01, 6.1554747819900513e-01 ]
