%YAML:1.0
---
Per pose residuals for rotation in deg and translation in mm:
   - [ 6.5917330980300903e-01, 3.6361322402954102e+00 ]
   - [ 5.8446305990219116e-01, 4.3148241043090820e+00 ]
   - [ 6.8265938758850098e-01, 2.6752905845642090e+00 ]
   - [ 6.2049144506454468e-01, 4.3511424064636230e+00 ]
   - [ 5.3564786911010742e-01, 3.8661966323852539e+00 ]
   - [ 4.2921641469001770e-01, 1.7824035882949829e+00 ]
   - [ 5.7781815528869629e-01, 1.2769937515258789e+00 ]
   - [ 5.0159412622451782e-01, 2.4631819725036621e+00 ]
   - [ 5.5781000852584839e-01, 2.1308097839355469e+00 ]
   - [ 5.5455285310745239e-01, 2.1452267169952393e+00 ]
   - [ 4.4807794690132141e-01, 1.5777215957641602e+00 ]
   - [ 4.6408689022064209e-01, 1.8990429639816284e+00 ]
   - [ 4.7050192952156067e-01, 1.4968101978302002e+00 ]
   - [ 4.8270523548126221e-01, 5.0378561019897461e-01 ]
   - [ 5.4201680421829224e-01, 1.3877519369125366e+00 ]
   - [ 8.4523940086364746e-01, 1.0888081789016724e+00 ]
   - [ 7.5735467672348022e-01, 1.8897222280502319e+00 ]
   - [ 7.0666801929473877e-01, 2.6085476875305176e+00 ]
   - [ 7.3327457904815674e-01, 2.8273692131042480e+00 ]
   - [ 5.5169087648391724e-01, 1.2459956407546997e+00 ]
   - [ 4.4941490888595581e-01, 1.9474902153015137e+00 ]
   - [ 6.7012351751327515e-01, 1.2352346181869507e+00 ]
   - [ 6.4436721801757813e-01, 2.6762306690216064e+00 ]
   - [ 4.9697664380073547e-01, 1.6463502645492554e+00 ]
   - [ 5.4852157831192017e-01, 1.7467598915100098e+00 ]
   - [ 4.5406320691108704e-01, 1.0561945438385010e+00 ]
   - [ 6.8151909112930298e-01, 1.4879587292671204e-01 ]
   - [ 3.7802329659461975e-01, 2.7671978473663330e+00 ]
   - [ 4.8053947091102600e-01, 4.4214301109313965e+00 ]
