%YAML:1.0
---
Per pose residuals for rotation in deg and translation in mm:
   - [ 1.1414487659931183e-01, 9.3832486867904663e-01 ]
   - [ 6.1489421874284744e-02, 4.3141331672668457e+00 ]
   - [ 5.3802687674760818e-02, 4.8312702178955078e+00 ]
   - [ 1.8736651167273521e-02, 1.6250495910644531e+00 ]
   - [ 1.2039168179035187e-01, 5.1516900062561035e+00 ]
   - [ 8.0574639141559601e-02, 4.8445792198181152e+00 ]
   - [ 6.8368837237358093e-02, 4.9570393562316895e+00 ]
   - [ 3.5933386534452438e-02, 2.2608091831207275e+00 ]
   - [ 1.3322696089744568e-01, 6.1156167984008789e+00 ]
   - [ 9.1724611818790436e-02, 4.1355171203613281e+00 ]
   - [ 8.0780193209648132e-02, 4.5703706741333008e+00 ]
   - [ 1.1852677166461945e-01, 5.0685081481933594e+00 ]
   - [ 1.4604747295379639e-01, 8.8567543029785156e+00 ]
   - [ 6.7719124257564545e-02, 2.4649116992950439e+00 ]
   - [ 1.0063681006431580e-01, 4.9899077415466309e+00 ]
   - [ 2.0718415081501007e-01, 8.0301723480224609e+00 ]
   - [ 2.4324685335159302e-01, 9.3383560180664063e+00 ]
   - [ 4.7494661062955856e-02, 7.0812864303588867e+00 ]
   - [ 1.5342326462268829e-01, 8.1384496688842773e+00 ]
   - [ 3.2410445809364319e-01, 1.2559282302856445e+01 ]
