%YAML:1.0
---
Per pose residuals for rotation in deg and translation in mm:
   - [ 2.4541074037551880e-01, 4.0840420722961426e+00 ]
   - [ 1.6401235759258270e-01, 8.7053143978118896e-01 ]
   - [ 3.3038574457168579e-01, 1.3676427602767944e+00 ]
   - [ 5.0642466545104980e-01, 1.3687790632247925e+00 ]
   - [ 4.1296359896659851e-01, 2.3257448673248291e+00 ]
   - [ 5.2186501026153564e-01, 2.8682804107666016e+00 ]
   - [ 3.5028615593910217e-01, 2.3962326049804688e+00 ]
   - [ 3.9285168051719666e-01, 2.8016390800476074e+00 ]
   - [ 3.6182537674903870e-01, 1.7828302383422852e+00 ]
   - [ 2.5791460275650024e-01, 1.0724807977676392e+00 ]
   - [ 4.0868142247200012e-01, 1.4116058349609375e+00 ]
   - [ 4.9854460358619690e-01, 1.4607273340225220e+00 ]
   - [ 1.9319851696491241e-01, 2.3866081237792969e+00 ]
   - [ 1.6356061398983002e-01, 3.2548561096191406e+00 ]
   - [ 1.2405369430780411e-01, 4.0467214584350586e+00 ]
   - [ 1.4612840116024017e-01, 4.5855636596679688e+00 ]
   - [ 2.2111199796199799e-01, 2.9590451717376709e+00 ]
   - [ 4.5135104656219482e-01, 3.2261569499969482e+00 ]
   - [ 3.3092597126960754e-01, 4.0056362152099609e+00 ]
   - [ 3.1738063693046570e-01, 1.7829401493072510e+00 ]
   - [ 4.2228800058364868e-01, 1.4990390539169312e+00 ]
   - [ 5.5382269620895386e-01, 1.3026928901672363e+00 ]
   - [ 5.6299853324890137e-01, 3.0466823577880859e+00 ]
   - [ 4.3736934661865234e-01, 1.0871883630752563e+00 ]
   - [ 4.9280527234077454e-01, 3.6790404319763184e+00 ]
   - [ 4.9653780460357666e-01, 2.6603584289550781e+00 ]
   - [ 2.6617321372032166e-01, 1.6386919021606445e+00 ]
   - [ 2.1587738394737244e-01, 1.4791042804718018e+00 ]
   - [ 3.3396056294441223e-01, 1.4353574514389038e+00 ]
