%YAML:1.0
---
PoseState0: !!opencv-matrix
   rows: 4
   cols: 4
   dt: d
   data: [ 7.1974079740813013e-01, 3.1582364523855766e-02,
       -6.9352414435071519e-01, 1.3986423339843750e+03,
       5.4675494312149764e-01, -6.4139187574297951e-01,
       5.3821510003260842e-01, -4.9713006591796875e+02,
       -4.2782264633667660e-01, -7.6656311937242649e-01,
       -4.7890371401723153e-01, 4.8891531372070313e+02, 0., 0., 0., 1. ]
