%YAML:1.0
---
PoseState0: !!opencv-matrix
   rows: 4
   cols: 4
   dt: d
   data: [ 6.8165382347769743e-01, -3.7088946458204219e-01,
       6.3070521640484511e-01, 1.8456208801269531e+02,
       -6.8159325684364480e-01, -6.3531319351252402e-01,
       3.6305340980934436e-01, -3.0703289794921875e+02,
       2.6604266042029712e-01, -6.7736116748080899e-01,
       -6.8585942555710799e-01, 6.5030541992187500e+02, 0., 0., 0., 1. ]
