%YAML:1.0
---
PoseState0: !!opencv-matrix
   rows: 4
   cols: 4
   dt: d
   data: [ 6.8165193938622992e-01, -3.7088804760338645e-01,
       6.3070808594463101e-01, 1.8456314086914063e+02,
       -6.8159444198482255e-01, -6.3531212171734774e-01,
       3.6305306038429230e-01, -3.0703076171875000e+02,
       2.6604445152340622e-01, -6.7736294860580504e-01,
       -6.8585697172928106e-01, 6.5030529785156250e+02, 0., 0., 0., 1. ]
