%YAML:1.0
---
PoseState0: !!opencv-matrix
   rows: 4
   cols: 4
   dt: d
   data: [ 7.1974048993614026e-01, 3.1587733594345496e-02,
       -6.9352421892307237e-01, 1.3986419677734375e+03,
       5.4675861817498250e-01, -6.4138988508012740e-01,
       5.3821373892560997e-01, -4.9713119506835938e+02,
       -4.2781846687335567e-01, -7.6656456375394344e-01,
       -4.7890513569897941e-01, 4.8891503906250000e+02, 0., 0., 0., 1. ]
