%YAML:1.0
---
PoseState0: !!opencv-matrix
   rows: 4
   cols: 4
   dt: d
   data: [ 3.6228860271161994e-01, 7.1428394741564483e-01,
       5.9878661542287892e-01, -2.3895734786987305e+01,
       5.1528812902051213e-01, -6.8881700366770149e-01,
       5.0991105062431230e-01, -6.7566253662109375e+02,
       7.7667568034270407e-01, 1.2381267270588395e-01,
       -6.1761258863596979e-01, 2.7438589477539063e+02, 0., 0., 0., 1. ]
