%YAML:1.0
---
PoseState0: !!opencv-matrix
   rows: 4
   cols: 4
   dt: d
   data: [ 3.6228780813789652e-01, 7.1428296547462733e-01,
       5.9878826750981939e-01, -2.3894077301025391e+01,
       5.1528836628278873e-01, -6.8881769417196470e-01,
       5.0990987808556165e-01, -6.7566357421875000e+02,
       7.7667589356709998e-01, 1.2381449603495617e-01,
       -6.1761195497120736e-01, 2.7438735961914063e+02, 0., 0., 0., 1. ]
