%YAML:1.0
---
PoseState0: !!opencv-matrix
   rows: 4
   cols: 4
   dt: d
   data: [ 8.0654487527269192e-01, 1.0642005804851473e-01,
       -5.8151537848650958e-01, 1.5820343017578125e+03,
       4.8105908300881189e-01, -6.8988516026087832e-01,
       5.4096268291495231e-01, -8.9576770019531250e+02,
       -3.4360954996344151e-01, -7.1605393434906350e-01,
       -6.0761767607365413e-01, 2.0153817749023438e+02, 0., 0., 0., 1. ]
