%YAML:1.0
---
PoseState: !!opencv-matrix
   rows: 4
   cols: 4
   dt: d
   data: [ 9.5164534982612725e-01, 1.7598941907603885e-01,
       2.5179128763240904e-01, 3.9607174682617188e+02,
       3.0718835854984328e-01, -5.3839300986040228e-01,
       -7.8470904117698959e-01, 3.5286022949218750e+03,
       -2.5378190954148260e-03, 8.2411206234755208e-01,
       -5.6642110498065290e-01, 1.6820328369140625e+03, 0., 0., 0., 1. ]
