%YAML:1.0
---
PoseState: !!opencv-matrix
   rows: 4
   cols: 4
   dt: d
   data: [ 9.9999369495554091e-01, 1.3715990280740000e-03,
       -3.2754793955877301e-03, 6.8762622070312500e+02,
       -1.9250714420260030e-03, -5.6570456510325706e-01,
       -8.2460574768872330e-01, 3.5742033691406250e+03,
       -2.9839820890597223e-03, 8.2460685404466616e-01,
       -5.6569835788470446e-01, 1.6812060546875000e+03, 0., 0., 0., 1. ]
