%YAML:1.0
---
PoseState: !!opencv-matrix
   rows: 4
   cols: 4
   dt: d
   data: [ 9.5164847276244946e-01, 9.3674208181673768e-02,
       2.9255824550067644e-01, 3.6621884155273438e+02,
       3.0717867396733228e-01, -2.8231397701582506e-01,
       -9.0881245625331286e-01, 3.6186274414062500e+03,
       -2.5390054291030144e-03, 9.5473763993206251e-01,
       -2.9743838412078955e-01, 1.3827066650390625e+03, 0., 0., 0., 1. ]
