%YAML:1.0
---
PoseState: !!opencv-matrix
   rows: 4
   cols: 4
   dt: d
   data: [ 9.9999369034539065e-01, 3.4201066642940633e-03,
       -9.6028111086307057e-04, 6.8490673828125000e+02,
       -1.9256231771956444e-03, 2.9472323966731873e-01,
       -9.5558071557319524e-01, 3.5795034179687500e+03,
       -2.9851708136178785e-03, 9.5557653532849229e-01,
       2.9472796590213229e-01, 7.6731793212890625e+02, 0., 0., 0., 1. ]
