%YAML:1.0
---
PoseState: !!opencv-matrix
   rows: 4
   cols: 4
   dt: d
   data: [ 9.9999369518760906e-01, 2.9823145356908960e-03,
       -1.9275334086537568e-03, 6.8598138427734375e+02,
       -1.9246067963421716e-03, -9.8388138102256163e-04,
       -9.9999766393032519e-01, 3.6705964355468750e+03,
       -2.9842040330284219e-03, 9.9999506887656120e-01,
       -9.7813539501081874e-04, 1.0678035888671875e+03, 0., 0., 0., 1. ]
