%YAML:1.0
---
PoseState: !!opencv-matrix
   rows: 4
   cols: 4
   dt: d
   data: [ 9.5045207446734781e-01, -1.7313710241305300e-01,
       -2.5819449627892382e-01, 9.7900280761718750e+02,
       -3.1085522315599146e-01, -5.3771900212611090e-01,
       -7.8372654988148671e-01, 3.5274868164062500e+03,
       -3.1439429628971061e-03, 8.2515563290842997e-01,
       -5.6489671365846561e-01, 1.6802950439453125e+03, 0., 0., 0., 1. ]
