%YAML:1.0
---
PoseState: !!opencv-matrix
   rows: 4
   cols: 4
   dt: d
   data: [ 9.5164595758538473e-01, -8.7969612707983272e-02,
       2.9433198713596120e-01, 3.9199295043945313e+02,
       3.0718645683793994e-01, 2.8042854435022641e-01,
       -9.0939337596497039e-01, 3.5336821289062500e+03,
       -2.5401076254032984e-03, 9.5583533035435597e-01,
       2.9389176425961794e-01, 7.6814672851562500e+02, 0., 0., 0., 1. ]
