%YAML:1.0
---
PoseState: !!opencv-matrix
   rows: 4
   cols: 4
   dt: d
   data: [ 9.5045431969280669e-01, 9.4749550023587203e-02,
       -2.9607281021331883e-01, 9.7764666748046875e+02,
       -3.1084846476424638e-01, 2.8007802320668851e-01,
       -9.0825631452269318e-01, 3.5325593261718750e+03,
       -3.1333896973114732e-03, 9.5528991603960833e-01,
       2.9565411916975454e-01, 7.6639056396484375e+02, 0., 0., 0., 1. ]
