%YAML:1.0
---
PoseState: !!opencv-matrix
   rows: 4
   cols: 4
   dt: d
   data: [ 8.0787557653076614e-01, 1.7710205561374978e-01,
       -5.6211379163161146e-01, 1.2415423583984375e+03,
       -5.8934547459195552e-01, 2.3792002050463343e-01,
       -7.7205309106372844e-01, 3.3974543457031250e+03,
       -2.9940646394056025e-03, 9.5500205535928528e-01,
       2.9658406875028870e-01, 7.6547772216796875e+02, 0., 0., 0., 1. ]
