%YAML:1.0
---
PoseState: !!opencv-matrix
   rows: 4
   cols: 4
   dt: d
   data: [ 8.0787884663760268e-01, -3.3045261953648691e-01,
       -4.8798856072347707e-01, 1.2416796875000000e+03,
       -5.8934100134234169e-01, -4.5718243444842427e-01,
       -6.6607912875920250e-01, 3.3929946289062500e+03,
       -2.9922052574825053e-03, 8.2570290533174584e-01,
       -5.6409729553899746e-01, 1.6793767089843750e+03, 0., 0., 0., 1. ]
