%YAML:1.0
---
PoseState: !!opencv-matrix
   rows: 4
   cols: 4
   dt: d
   data: [ 5.8622469862037707e-01, 2.9857295560639287e-03,
       -8.1014300475068368e-01, 1.5257182617187500e+03,
       -8.1014450371539193e-01, -9.8304404741621698e-04,
       -5.8622940622604580e-01, 3.2406853027343750e+03,
       -2.5467287231789597e-03, 9.9999505950950529e-01,
       1.8425876889986616e-03, 1.0648782958984375e+03, 0., 0., 0., 1. ]
