%YAML:1.0
---
PoseState: !!opencv-matrix
   rows: 4
   cols: 4
   dt: d
   data: [ 5.8622118975177273e-01, -4.5518604379903205e-01,
       -6.7018682635262361e-01, 1.4499431152343750e+03,
       -8.1014704751137190e-01, -3.3196757624742335e-01,
       -4.8317625120551821e-01, 3.1839291992187500e+03,
       -2.5452101333461315e-03, 8.2619803549209492e-01,
       -5.6337405695894471e-01, 1.6785445556640625e+03, 0., 0., 0., 1. ]
