%YAML:1.0
---
PoseState: !!opencv-matrix
   rows: 4
   cols: 4
   dt: d
   data: [ 5.8622029435913237e-01, 2.4238374494572032e-01,
       -7.7304326312799654e-01, 1.4507812500000000e+03,
       -8.1014767767100093e-01, 1.7238198120266618e-01,
       -5.6030812319734224e-01, 3.1874121093750000e+03,
       -2.5508519707018174e-03, 9.5474319727491763e-01,
       2.9742044383581290e-01, 7.6464038085937500e+02, 0., 0., 0., 1. ]
