%YAML:1.0
---
PoseState0: !!opencv-matrix
   rows: 4
   cols: 4
   dt: d
   data: [ -8.3099281001309466e-01, 3.7725872124548276e-01,
       -4.0881145648179223e-01, 2.1174265136718750e+03,
       5.4546129069971527e-01, 6.9684948435147531e-01,
       -4.6569601298194951e-01, 2.3705665588378906e+02,
       1.0919217029962243e-01, -6.0998086314515354e-01,
       -7.8485694017569374e-01, 6.9527502441406250e+02, 0., 0., 0., 1. ]
