%YAML:1.0
---
PoseState0: !!opencv-matrix
   rows: 4
   cols: 4
   dt: d
   data: [ -8.3103715175376580e-01, 3.7721344820904085e-01,
       -4.0876309385172438e-01, 1.7750549316406250e+03,
       5.4539659799738716e-01, 6.9687710390041990e-01,
       -4.6573045096089616e-01, 2.4010102844238281e+02,
       1.0917785168185401e-01, -6.0997730822515717e-01,
       -7.8486169491989255e-01, 6.9519543457031250e+02, 0., 0., 0., 1. ]
