%YAML:1.0
---
PoseState0: !!opencv-matrix
   rows: 4
   cols: 4
   dt: d
   data: [ -8.3096557601314236e-01, 3.7734803566025038e-01,
       -4.0878438260835903e-01, 1.7745823974609375e+03,
       5.4551257757151628e-01, 6.9683800413606312e-01,
       -4.6565311520803643e-01, 5.1812736511230469e+01,
       1.0914320497597289e-01, -6.0993873132882681e-01,
       -7.8489649306934384e-01, 6.9162896728515625e+02, 0., 0., 0., 1. ]
