%YAML:1.0
---
PoseState: !!opencv-matrix
   rows: 4
   cols: 4
   dt: f
   data: [ -9.89464760e-01, 1.14462562e-02, -1.44320548e-01,
       5.87948799e+01, -1.03685521e-02, -9.99912500e-01, -8.21738504e-03,
       1.48149811e+02, -1.44401968e-01, -6.63441839e-03, 9.89496887e-01,
       2.12256241e+02, 0., 0., 0., 1. ]
