%YAML:1.0
---
PoseState: !!opencv-matrix
   rows: 4
   cols: 4
   dt: d
   data: [0.0019290371723844624, 0.9999976592054729,
        0.00097999957267826403, -1368.5359709807126,
        -0.99999368590857807, 0.0019261028817237128,
        0.0029863473784716749, 2156.8659575782631,
        0.0029844528080450517, -0.00098575415997409336,
        0.99999506065288757, -89.699629388978096, 0., 0., 0., 1.]



