%YAML:1.0
---
PoseState0: !!opencv-matrix
   rows: 4
   cols: 4
   dt: d
   data: [ 9.9955940888439265e-01, 2.9612262545947891e-02,
       -2.0253438210694561e-03, 3.1087973632812500e+03,
       2.4275121752039747e-02, -8.5485405698465933e-01,
       -5.1830035666666530e-01, 1.6673039550781250e+03,
       -1.7079419621501762e-02, 5.1802283266645555e-01,
       -8.5519625716066727e-01, 3.6682342529296875e+02, 0., 0., 0., 1. ]
