%YAML:1.0
---
PoseState0: !!opencv-matrix
   rows: 4
   cols: 4
   dt: d
   data: [ 9.9955931337135273e-01, 2.9616910899612034e-02,
       -2.0044054865495653e-03, 3.1087575683593750e+03,
       2.4291550065618100e-02, -8.5490238769538185e-01,
       -5.1821986464062242e-01, 1.4789097900390625e+03,
       -1.7061642593831264e-02, 5.1794280195934750e-01,
       -8.5524508431823265e-01, 3.6796038818359375e+02, 0., 0., 0., 1. ]
