%YAML:1.0
---
PoseState0: !!opencv-matrix
   rows: 4
   cols: 4
   dt: d
   data: [ 9.9955885885949958e-01, 2.9632574554364341e-02,
       -1.9995501432085467e-03, 2.7669318847656250e+03,
       2.4307669316634722e-02, -8.5490823492972601e-01,
       -5.1820946253588762e-01, 1.4808454589843750e+03,
       -1.7065312416955664e-02, 5.1793225461890324e-01,
       -8.5525139855921384e-01, 3.6697756958007813e+02, 0., 0., 0., 1. ]
